kernel:2:clk_wiz_0_clk_out1:100.000000
kernel:1:clk_wiz_0_clk_out2:142.857142
kernel:0:clk_wiz_0_clk_out3:166.666666
kernel:3:clk_wiz_0_clk_out4:200.000000
